240
746
787
386
131
601
239
670
872
254
853
828
828
927
341
403
935
549
194
84
966
453
641
796
305
80
210
799
354
746
166
978
369
935
739
458
451
614
997
212
4
466
472
976
766
811
64
494
709
581
460
420
402
706
943
265
715
238
685
654
958
231
127
637
766
94
725
270
916
193
488
973
172
45
826
462
878
464
531
349
533
643
510
324
950
1000
118
482
927
109
373
45
800
660
971
312
869
848
725
490
514
52
639
546
793
782
214
923
500
720
289
64
692
881
508
413
596
28
986
794
361
938
635
735
614
637
682
952
911
479
690
509
453
530
663
29
199
18
135
664
898
698
438
489
400
446
247
914
212
222
350
642
675
284
854
233
826
720
679
289
184
135
255
695
871
461
165
835
368
654
434
241
917
927
60
251
300
397
744
24
609
177
921
494
860
536
949
110
866
781
211
463
387
756
254
885
679
851
452
143
393
754
49
441
66
889
487
996
592
985
289
292
122
123
539
987
969
748
642
680
167
465
200
603
513
270
874
248
672
892
896
226
923
799
18
875
154
372
237
169
42
104
518
240
707
685
362
483
804
223
37
7
917
937
105
730
125
83
817
375
911
709
227
550
856
445
327
845
950
236
885
922
500
925
327
877
114
647
587
404
430
196
622
287
427
907
730
780
404
61
524
431
434
285
786
545
771
41
986
715
668
239
484
227
792
876
1000
695
302
803
158
687
885
332
15
212
200
145
348
960
952
147
555
77
96
76
734
977
769
930
390
841
790
755
888
473
613
183
161
358
597
411
306
507
43
933
122
55
245
134
900
19
40
334
393
271
461
738
795
837
785
680
135
755
562
761
827
851
448
408
475
781
246
693
72
478
147
36
949
268
933
118
495
21
381
385
681
511
542
449
448
745
619
987
138
462
294
336
445
577
247
634
454
160
593
641
189
71
703
66
673
443
58
99
300
92
123
179
36
436
343
782
149
380
566
990
210
540
7
837
336
43
555
40
116
106
343
611
858
739
274
93
376
835
887
545
16
310
654
789
43
508
188
35
819
501
481
662
907
204
35
284
863
63
374
187
514
978
582
301
924
812
394
40
949
362
144
495
101
219
507
1
580
845
547
598
957
370
319
269
493
626
157
237
621
891
855
191
996
467
603
383
279
910
384
922
630
608
869
140
388
366
452
95
842
722
576
227
622
90
412
582
795
957
96
865
937
415
652
616
977
490
540
788
348
27
632
316
191
962
62
958
682
7
252
151
292
570
72
388
917
109
824
158
786
610
503
479
131
502
181
609
530
607
258
158
283
759
174
65
212
977
428
989
61
449
653
746
290
424
478
613
930
945
55
716
40
370
597
257
553
995
827
581
339
952
308
160
94
351
62
992
948
421
716
918
790
433
720
316
745
143
423
927
446
985
441
21
15
98
270
607
851
715
308
284
755
450
37
449
154
677
667
897
308
875
583
196
699
195
201
207
698
518
32
984
522
713
635
516
271
6
66
983
75
567
145
55
802
513
116
635
618
573
367
653
582
600
293
313
678
548
329
772
429
627
322
764
151
425
971
376
34
93
968
798
220
455
249
511
57
300
682
79
733
156
565
104
358
551
953
770
896
877
586
180
677
63
193
957
91
53
746
425
854
708
790
548
344
208
910
121
660
986
265
731
549
608
692
678
678
111
747
478
744
512
670
952
325
231
59
831
438
710
8
83
104
356
168
492
746
889
490
76
480
798
561
650
238
409
816
792
560
106
701
910
981
190
381
938
204
220
572
209
719
117
513
728
627
116
964
320
724
166
42
748
530
493
464
440
854
17
111
339
720
237
702
533
633
310
709
549
408
809
173
476
536
845
240
141
900
264
781
365
105
643
300
169
724
432
704
90
648
165
905
454
502
150
928
473
314
430
149
620
442
39
267
881
258
337
763
625
962
76
242
818
752
145
388
288
843
745
940
318
855
372
919
998
578
484
190
466
527
231
959
320
113
681
882
958
62
772
577
291
178
998
613
819
305
915
84
352
138
549
6
716
568
279
929
471
471
966
419
364
605
932
966
409
740
91
564
485
701
832
306
990
570
279
839
115
877
52
650
531
794
583
927
471
837
694
743
397
323
333
267
